listing_id,high,medium,low
7142618,0.067,0.34723333333333334,0.5857666666666667
7210040,0.2485,0.3745,0.377
7174566,0.017,0.532,0.451
7191391,0.251,0.271,0.478
7171695,0.005,0.11875000000000001,0.8762500000000001
7225206,0.001,0.1655,0.8335
7200075,0.006,0.03133333333333334,0.9626666666666667
7145074,0.087,0.4217166666666667,0.4912833333333333
7193645,0.052,0.108,0.84
7147703,0.0,0.004,0.996
7182218,0.007,0.129,0.864
7132136,0.113,0.0905,0.7965
7130670,0.1691,0.24034761904761912,0.5905523809523809
7151855,0.002,0.11133333333333333,0.8866666666666666
7158358,0.021,0.041,0.938
7221001,0.087,0.074,0.839
7100305,0.346,0.32375,0.33025
7096581,0.192,0.2908333333333334,0.5171666666666668
7177904,0.036,0.5708,0.39320000000000005
7122823,0.0221,0.7611666666666667,0.21673333333333336
7183502,0.008,0.16,0.832
7170627,0.079,0.84525,0.07575
7154826,0.23693333333333333,0.4,0.3630666666666666
7155276,0.003,0.057,0.94
7126641,0.017,0.1620333333333333,0.8209666666666667
7096119,0.129,0.58325,0.28775
7197172,0.006,0.017,0.977
7189973,0.022,0.25458333333333333,0.7234166666666666
7123008,0.065,0.036,0.899
7146900,0.1055,0.2335,0.661
7109717,0.02,0.088,0.892
7129938,0.056,0.144,0.8
7107178,0.0,0.012,0.988
7176321,0.011,0.108,0.881
7128745,0.007,0.045,0.948
7142399,0.08366666666666667,0.6635333333333334,0.2528
7173397,0.13,0.1275,0.7425
7097445,0.188,0.47333333333333333,0.3386666666666666
7176649,0.002,0.01,0.988
7217973,0.019,0.3691999999999999,0.6117999999999998
7181413,0.095,0.2919333333333333,0.6130666666666666
7131045,0.001,0.0701,0.9289
7227600,0.0495,0.32225,0.62825
7152410,0.024,0.088,0.888
7164630,0.079,0.2685,0.6525
7233385,0.014,0.19298333333333334,0.7930166666666667
7132168,0.039,0.5094166666666667,0.4515833333333334
7177475,0.0,0.051,0.949
7195866,0.001,0.035,0.964
7128348,0.0,0.013,0.987
7127663,0.040799999999999996,0.3133333333333333,0.6458666666666667
7224803,0.009,0.071,0.92
7175018,0.037,0.24,0.723
7172595,0.175,0.25483333333333336,0.5701666666666667
7109912,0.035,0.34751666666666664,0.6174833333333334
7138297,0.19983333333333334,0.4590833333333333,0.3410833333333333
7092476,0.029,0.253,0.718
7089303,0.007,0.074,0.919
7125155,0.0405,0.42461666666666664,0.5348833333333334
7220062,0.038,0.135,0.827
7106449,0.15375000000000003,0.38625000000000004,0.46
7128225,0.061,0.33325,0.60575
7195250,0.002,0.033,0.965
7218672,0.036333333333333336,0.48066666666666663,0.483
7196783,0.032,0.062,0.906
7103890,0.04091666666666667,0.10708333333333332,0.852
7091781,0.014,0.114,0.872
7188560,0.0,0.07,0.93
7158435,0.059333333333333335,0.13673809523809524,0.8039285714285714
7174040,0.007,0.075,0.918
7090560,0.116,0.65575,0.22825
7176342,0.004,0.03,0.966
7192962,0.001,0.049400000000000006,0.9495999999999999
7097397,0.004,0.046,0.95
7145866,0.008,0.12166666666666667,0.8703333333333333
7206754,0.0,0.030333333333333334,0.9696666666666668
7138175,0.066,0.507,0.427
7149594,0.003,0.025,0.972
7156633,0.0055,0.24616666666666664,0.7483333333333334
7105345,0.033,0.4650666666666667,0.5019333333333333
7213632,0.15833333333333335,0.4766666666666667,0.365
7183113,0.0,0.12146666666666667,0.8785333333333333
7140000,0.27,0.395,0.335
7195613,0.03133333333333334,0.28475,0.6839166666666666
7105115,0.016,0.48358333333333325,0.5004166666666667
7160348,0.0,0.003,0.997
7160614,0.003,0.0314,0.9656
7092337,0.012833333333333334,0.21917619047619047,0.7679904761904762
7147336,0.002,0.011,0.987
7218407,0.017,0.059,0.924
7153777,0.35975,0.31625,0.324
7105692,0.07325,0.5658166666666666,0.36093333333333333
7182783,0.009,0.129,0.862
7175581,0.002,0.032,0.966
7178664,0.2650833333333334,0.37916666666666665,0.35575
7211063,0.453,0.38139999999999996,0.1656
7224728,0.072,0.41406666666666664,0.5139333333333332
7102627,0.102,0.27795,0.6200500000000001
7092248,0.108,0.238,0.654
7207732,0.034,0.15165,0.81435
7103067,0.006,0.08116666666666665,0.9128333333333334
7229817,0.061,0.137,0.802
7172753,0.045,0.33566666666666667,0.6193333333333334
7125988,0.0,0.005,0.995
7091708,0.002,0.135,0.863
7120982,0.369,0.498,0.133
7200404,0.07832142857142856,0.29216666666666663,0.6295119047619047
7134396,0.078,0.46495,0.45705
7094055,0.167,0.45225,0.38075
7220352,0.109,0.191,0.7
7097260,0.017,0.14825,0.83475
7132074,0.02125,0.11825,0.8605
7195758,0.0,0.018166666666666668,0.9818333333333333
7218227,0.0035,0.0785,0.918
7191025,0.001,0.012,0.987
7152268,0.7359166666666667,0.205302380952381,0.058780952380952385
7210298,0.127,0.16703333333333334,0.7059666666666667
7096221,0.002,0.07805,0.91995
7137429,0.011,0.09951666666666667,0.8894833333333332
7141582,0.21208333333333335,0.32891666666666663,0.459
7125014,0.217,0.3398333333333334,0.44316666666666665
7204283,0.041,0.114,0.845
7129195,0.004,0.038,0.958
7208151,0.0,0.10516666666666667,0.8948333333333334
7169433,0.038,0.724,0.238
7194385,0.015,0.12791666666666668,0.8570833333333333
7184378,0.1,0.351,0.549
7112430,0.19416666666666668,0.2661666666666666,0.5396666666666667
7224419,0.008,0.1025,0.8895
7176557,0.0,0.05,0.95
7185501,0.041,0.389,0.57
7205296,0.023,0.042,0.935
7143873,0.002,0.045,0.953
7227106,0.02,0.4875,0.4925
7143808,0.11433333333333336,0.6376666666666667,0.248
7123007,0.23056666666666667,0.6112666666666666,0.15816666666666665
7120025,0.359,0.37439999999999996,0.2666
7095934,0.1,0.218,0.682
7102526,0.192,0.276,0.532
7149561,0.013,0.031,0.956
7147321,0.119,0.3943333333333333,0.4866666666666667
7163675,0.043,0.049,0.908
7203197,0.001,0.073,0.926
7192159,0.018,0.132,0.85
7124635,0.004,0.031,0.965
7138513,0.007,0.101,0.892
7116744,0.054,0.36175,0.58425
7228168,0.019,0.125,0.856
7156739,0.10113333333333334,0.615,0.28386666666666666
7233157,0.0629,0.4453904761904762,0.49170952380952376
7091879,0.028,0.2691,0.7029
7145151,0.07883333333333334,0.3396,0.5815666666666667
7230883,0.003,0.03,0.967
7188256,0.2155,0.5705,0.214
7203095,0.0,0.005333333333333334,0.9946666666666667
7142105,0.051,0.068,0.881
7210546,0.043,0.20826666666666666,0.7487333333333334
7134026,0.044833333333333336,0.4076666666666667,0.5475
7119521,0.04216666666666667,0.36508333333333337,0.59275
7225812,0.15,0.5520833333333334,0.29791666666666666
7231536,0.028550000000000006,0.13625,0.8352
7120399,0.018333333333333337,0.066,0.9156666666666666
7209940,0.18965,0.26143333333333335,0.5489166666666665
7125730,0.03,0.636,0.334
7129665,0.002,0.03,0.968
7156628,0.13566666666666666,0.20231666666666673,0.6620166666666666
7154533,0.0,0.017333333333333336,0.9826666666666667
7194011,0.009,0.04,0.951
7159573,0.13438333333333333,0.35528333333333334,0.5103333333333333
7122632,0.008,0.03833333333333333,0.9536666666666667
7199902,0.002,0.006,0.992
7204514,0.067,0.239,0.694
7114559,0.08423333333333334,0.16729999999999998,0.7484666666666667
7172574,0.006,0.19713333333333333,0.7968666666666667
7190848,0.004,0.17475,0.82125
7127320,0.107,0.8327666666666667,0.06023333333333333
7099989,0.015,0.236,0.749
7193209,0.20871666666666666,0.37065,0.4206333333333333
7163387,0.261,0.2656666666666666,0.47333333333333333
7192322,0.012,0.092,0.896
7181284,0.002,0.147,0.851
7138658,0.011,0.027,0.962
7094836,0.04241666666666667,0.21158333333333332,0.746
7228347,0.024,0.117,0.859
7092957,0.011,0.4405,0.5485
7095106,0.013,0.147,0.84
7118353,0.006,0.03866666666666666,0.9553333333333334
7187196,0.0,0.009,0.991
7171952,0.198,0.5437500000000001,0.25825
7109967,0.004,0.0735,0.9225
7121401,0.18316666666666667,0.3271,0.4897333333333334
7117926,0.139,0.803,0.058
7149587,0.003,0.009,0.988
7153700,0.0,0.042,0.958
7128436,0.12213333333333334,0.4708666666666666,0.407
7156683,0.001,0.21866666666666665,0.7803333333333333
7183547,0.001,0.016,0.983
7130682,0.041,0.6321666666666668,0.32683333333333336
7191787,0.037,0.10566666666666667,0.8573333333333334
7201129,0.002,0.04083333333333333,0.9571666666666666
7131018,0.063,0.146,0.791
7191519,0.047,0.274,0.679
7129888,0.004,0.079,0.917
7119314,0.1445,0.23621666666666663,0.6192833333333334
7173398,0.1335,0.2823,0.5842
7100690,0.4051333333333334,0.20075,0.3941166666666666
7111231,0.0525,0.8255,0.122
7173783,0.055,0.5281666666666667,0.4168333333333334
7185543,0.010666666666666666,0.45333333333333337,0.536
7190190,0.019,0.185,0.796
7157963,0.204,0.30866666666666664,0.48733333333333334
7158304,0.11106904761904762,0.12812619047619045,0.7608047619047618
7095639,0.026,0.229,0.745
7130993,0.001,0.004,0.995
7117359,0.03716666666666667,0.2525833333333333,0.71025
7122494,0.001,0.018,0.981
7093292,0.053,0.28457142857142853,0.6624285714285716
7214909,0.02,0.18,0.8
7178939,0.081,0.227,0.692
7209358,0.0,0.009,0.991
7232607,0.044,0.038,0.918
7207044,0.0065,0.1445,0.849
7223765,0.028,0.076,0.896
7103387,0.084,0.1786666666666667,0.7373333333333333
7149774,0.011,0.036,0.953
7105211,0.018,0.0455,0.9365
7183544,0.010333333333333333,0.06866666666666665,0.921
7233547,0.07108333333333335,0.24495000000000006,0.6839666666666666
7096046,0.001,0.18568809523809526,0.8133119047619046
7174305,0.133,0.14986666666666668,0.7171333333333334
7172833,0.0185,0.22668333333333332,0.7548166666666667
7109230,0.001,0.092,0.907
7180549,0.04326666666666667,0.17673333333333335,0.78
7096591,0.0435,0.17156666666666667,0.7849333333333334
7110015,0.0,0.052,0.948
7114048,0.029083333333333333,0.529945238095238,0.44097142857142857
7111037,0.069,0.924,0.007
7218940,0.003,0.096,0.901
7151360,0.5776666666666668,0.033333333333333326,0.389
7127611,0.058,0.34,0.602
7157286,0.037,0.191,0.772
7155237,0.035,0.236,0.729
7152325,0.958,0.014,0.028
7133809,0.32389999999999997,0.145,0.5311
7151723,0.014,0.109,0.877
7139628,0.0245,0.1025,0.873
7116008,0.001,0.0095,0.9895
7139222,0.024,0.2918333333333334,0.6841666666666666
7118151,0.006,0.088,0.906
7211749,0.237,0.153,0.61
7216084,0.0025,0.055,0.9425
7167944,0.09,0.4690833333333333,0.4409166666666667
7204462,0.284,0.23366666666666666,0.4823333333333334
7170651,0.004,0.71725,0.27875
7166110,0.042,0.063,0.895
7215024,0.004,0.102,0.894
7092587,0.18375,0.402454761904762,0.413795238095238
7228780,0.124,0.32675,0.54925
7113165,0.099,0.6255166666666667,0.27548333333333336
7185875,0.03916666666666666,0.2631666666666666,0.6976666666666667
7207091,0.0318,0.3532,0.615
7154391,0.022333333333333337,0.07466666666666667,0.903
7134369,0.1745,0.5656,0.25989999999999996
7114144,0.002,0.06416666666666668,0.9338333333333333
7225788,0.0,0.0,1.0
7174343,0.23324999999999999,0.20275000000000004,0.564
7184376,0.04,0.121,0.839
7099086,0.034300000000000004,0.08670000000000001,0.879
7206516,0.006,0.2015,0.7925
7109865,0.0,0.013,0.987
7221603,0.041,0.308,0.651
7102769,0.011,0.0755,0.9135
7136804,0.014,0.1388333333333333,0.8471666666666666
7133432,0.173,0.369,0.458
7211670,0.02808333333333333,0.6219166666666668,0.35
7193044,0.10825,0.5428833333333333,0.34886666666666666
7179722,0.0,0.0,1.0
7098040,0.02996666666666667,0.10803333333333333,0.862
7228235,0.0535,0.262,0.6845
7168531,0.004,0.13128333333333336,0.8647166666666668
7092471,0.0069166666666666664,0.056,0.9370833333333333
7151021,0.005,0.09176666666666666,0.9032333333333333
7117279,0.039,0.07933333333333333,0.8816666666666667
7231987,0.0275,0.0775,0.8949999999999999
7152057,0.102,0.07466666666666667,0.8233333333333334
7169603,0.0,0.024,0.976
7190178,0.009,0.0235,0.9675
7098492,0.20426666666666668,0.3580833333333333,0.43765000000000004
7151657,0.003,0.016,0.981
7202087,0.27,0.342,0.388
7172144,0.04660000000000001,0.26933333333333337,0.6840666666666666
7151264,0.533,0.117,0.35
7167649,0.077,0.19026666666666667,0.7327333333333333
7125098,0.006,0.27012023809523805,0.7238797619047618
7192968,0.1257,0.26175714285714285,0.612542857142857
7167064,0.04583333333333333,0.1441666666666667,0.81
7208386,0.03,0.068,0.902
7140549,0.2956666666666667,0.3380833333333333,0.36625
7232611,0.111,0.3192,0.5698
7231989,0.008,0.041,0.951
7131237,0.1613,0.31698333333333323,0.5217166666666666
7123477,0.030166666666666668,0.1678333333333333,0.802
7139138,0.0325,0.0655,0.902
7100724,0.0,0.019,0.981
7114596,0.017,0.05,0.933
7143360,0.005,0.21766666666666667,0.7773333333333332
7131232,0.19763333333333333,0.48795,0.3144166666666666
7135694,0.059,0.225,0.716
7156849,0.0485,0.5345,0.417
7134868,0.011,0.265,0.724
7204699,0.24823333333333333,0.1945666666666667,0.5572
7159026,0.079,0.33433333333333337,0.5866666666666668
7210613,0.07,0.3785,0.5515
7178322,0.06525,0.2225,0.71225
7092546,0.0345,0.2049,0.7606
7175776,0.052,0.21891666666666665,0.7290833333333334
7198568,0.009,0.7015,0.2895
7205032,0.001,0.003,0.996
7191829,0.0862452380952381,0.0385,0.875254761904762
7090354,0.0,0.004,0.996
7103754,0.105,0.391,0.504
7210833,0.131,0.216,0.653
7119486,0.0145,0.6370166666666667,0.3484833333333333
7313611,0.021,0.045616666666666666,0.9333833333333333
7192079,0.021,0.018,0.961
7174050,0.01575,0.153,0.83125
7158408,0.031,0.048,0.921
7162815,0.3068,0.26376666666666665,0.4294333333333334
7128366,0.4503499999999999,0.12465,0.425
7233175,0.07133333333333335,0.544,0.3846666666666667
7095885,0.01,0.307,0.683
7098256,0.001,0.033600000000000005,0.9653999999999999
7198026,0.12,0.284,0.596
7179395,0.0145,0.1395,0.846
7126687,0.015,0.05458333333333334,0.9304166666666667
7186570,0.0145,0.1205,0.865
7174616,0.15,0.439,0.411
7190918,0.029,0.145,0.826
7174630,0.0,0.085,0.915
7099714,0.026,0.066,0.908
7210257,0.01,0.18283333333333332,0.8071666666666667
7218237,0.002,0.115,0.883
7194008,0.07030793650793656,0.1397571428571429,0.7899349206349211
7145715,0.0,0.012,0.988
7161245,0.013,0.434,0.553
7232193,0.09949999999999999,0.06891666666666665,0.8315833333333331
7157880,0.04766666666666667,0.25633333333333336,0.696
7234325,0.0,0.015,0.985
7105040,0.045,0.30066666666666664,0.6543333333333332
7123444,0.011,0.4575,0.5315
7098616,0.001,0.07256666666666667,0.9264333333333334
7111962,0.027800000000000002,0.1393333333333333,0.8328666666666668
7206817,0.001,0.044,0.955
7140556,0.0466,0.4975833333333334,0.45581666666666665
7214145,0.003,0.04,0.957
7215333,0.001,0.02,0.979
7130379,0.025,0.185,0.79
7215033,0.005,0.082,0.913
7200611,0.06766666666666667,0.2273333333333333,0.705
7159658,0.148,0.1714,0.6806
7109857,0.0,0.042,0.958
7187765,0.002,0.013,0.985
7197884,0.004,0.08508928571428574,0.9109107142857144
7141108,0.116,0.368,0.516
7221313,0.02706666666666667,0.7065642857142856,0.2663690476190476
7160195,0.003,0.021,0.976
7135503,0.0,0.007,0.993
7184754,0.07258333333333335,0.43266666666666675,0.49475
7181796,0.05,0.45831666666666665,0.49168333333333336
7204408,0.13286666666666666,0.5081333333333333,0.359
7125047,0.0,0.047,0.953
7170001,0.045,0.17958333333333334,0.7754166666666666
7222789,0.04,0.22966666666666666,0.7303333333333334
7119555,0.1,0.45275,0.44725
7103893,0.008,0.132,0.86
7231878,0.04285,0.3270666666666667,0.6300833333333334
7194073,0.173,0.2958,0.5312
7156654,0.062200000000000005,0.21130000000000002,0.7265
7181249,0.0,0.01,0.99
7155816,0.01,0.061,0.929
7140001,0.141,0.146,0.713
7167234,0.11366666666666665,0.32533333333333336,0.561
7102496,0.01,0.03,0.96
7232981,0.5617428571428571,0.12469523809523808,0.31356190476190476
7216485,0.001,0.122,0.877
7224065,0.019,0.2975,0.6835
7172720,0.0,0.005933333333333333,0.9940666666666667
7119328,0.04625,0.357,0.59675
7166323,0.125,0.3203333333333333,0.5546666666666666
7095312,0.06,0.3255,0.6145
7126464,0.098,0.22158333333333333,0.6804166666666668
7156313,0.02,0.0975,0.8825
7142691,0.027899999999999998,0.2306,0.7415
7180405,0.021,0.126,0.853
7201309,0.012,0.137,0.851
7229233,0.015,0.12729166666666666,0.8577083333333334
7128242,0.009,0.21993333333333334,0.7710666666666667
7206764,0.0,0.063,0.937
7125953,0.12,0.1093857142857143,0.7706142857142857
7193756,0.034,0.415,0.551
7110807,0.128,0.575,0.297
7123025,0.001,0.117,0.882
7229043,0.008,0.104,0.888
7144529,0.2486166666666667,0.5033833333333334,0.248
7089925,0.018,0.06481666666666666,0.9171833333333334
7142909,0.003,0.069,0.928
7200320,0.02983333333333333,0.36168333333333336,0.6084833333333334
7216427,0.03816666666666666,0.3469166666666667,0.6149166666666668
7192680,0.036,0.09661666666666666,0.8673833333333333
7130341,0.1741666666666667,0.6395833333333334,0.18625
7214209,0.017,0.175,0.808
7207776,0.047,0.635,0.318
7185816,0.065,0.514,0.421
7172271,0.0,0.0,1.0
7165343,0.019,0.102,0.879
7212934,0.05126666666666667,0.1740333333333333,0.7747
7152751,0.047,0.082,0.871
7089177,0.089,0.3835,0.5275
7135107,0.051,0.208,0.741
7092850,0.004,0.3725,0.6235
7158555,0.18686904761904763,0.32931666666666665,0.48381428571428564
7234183,0.001,0.005,0.994
7118286,0.028,0.10325,0.86875
7119152,0.015,0.12791666666666668,0.8570833333333333
7223584,0.064,0.134,0.802
7123957,0.097,0.097,0.806
7223702,0.0,0.14486031746031744,0.8551396825396822
7108026,0.007,0.167,0.8259999999999998
7165605,0.6813333333333332,0.19266666666666665,0.126
7227039,0.071,0.8019166666666665,0.12708333333333333
7157195,0.099,0.203,0.698
7104579,0.04191666666666667,0.1626,0.7954833333333333
7119805,0.16183333333333333,0.2979166666666666,0.54025
7142014,0.155,0.567,0.278
7174412,0.006,0.217,0.777
7205037,0.001,0.005,0.994
7096604,0.0115,0.2385,0.75
7214758,0.073,0.271,0.656
7135785,0.197,0.18166666666666667,0.6213333333333334
7210042,0.0,0.0,1.0
7150868,0.309,0.3248666666666667,0.3661333333333333
7115004,0.09465000000000001,0.4195333333333333,0.4858166666666667
7208850,0.01375,0.021,0.96525
7122006,0.21115238095238095,0.456847619047619,0.332
7218334,0.02383333333333333,0.15066666666666667,0.8255
7164673,0.10383333333333333,0.4851666666666667,0.411
7098334,0.032,0.3561,0.6119
7116799,0.0585,0.30310000000000004,0.6384
7158050,0.055,0.20715,0.73785
7113260,0.12769999999999995,0.6620333333333334,0.21026666666666666
7169293,0.0725,0.2285,0.699
7219356,0.258,0.60215,0.13985
7103883,0.001,0.074,0.925
7162849,0.009,0.424,0.567
7220960,0.178,0.32918333333333333,0.4928166666666667
7218150,0.002,0.084,0.914
7169062,0.01,0.09,0.9
7132833,0.1435,0.29741666666666666,0.5590833333333334
7153312,0.041,0.10466666666666667,0.8543333333333333
7102582,0.006,0.044,0.95
7128031,0.266,0.351,0.383
7226979,0.0,0.023,0.977
7174830,0.003,0.03,0.967
7095500,0.42271666666666663,0.44778333333333337,0.1295
7203788,0.12975,0.16166666666666668,0.7085833333333332
7195129,0.262,0.182,0.556
7096676,0.001,0.0865,0.9125
7139189,0.0,0.006,0.994
7156036,0.14605833333333335,0.6002750000000001,0.25366666666666665
7201766,0.44483333333333336,0.23626666666666668,0.31889999999999996
7127461,0.08293333333333333,0.35631666666666667,0.56075
7176092,0.412,0.425,0.163
7093983,0.029,0.286,0.685
7219250,0.038,0.234,0.728
7216197,0.059,0.8986666666666666,0.04233333333333333
7175523,0.615,0.075,0.31
7096041,0.004,0.10266666666666667,0.8933333333333334
7106333,0.014,0.13466666666666668,0.8513333333333334
7135564,0.118,0.2816666666666666,0.6003333333333333
7230191,0.021,0.157,0.822
7094318,0.3673,0.49319999999999997,0.1395
7157145,0.017,0.34225,0.64075
7141347,0.001,0.006,0.993
7197253,0.058,0.714,0.228
7151861,0.004,0.011,0.985
7128268,0.011,0.029,0.96
7180937,0.065,0.18066666666666667,0.7543333333333334
7097170,0.009,0.075,0.916
7205053,0.008,0.177,0.815
7223074,0.239,0.4995,0.2615
7127700,0.004,0.074,0.922
7184877,0.029,0.132,0.839
7156129,0.088,0.12413333333333333,0.7878666666666667
7233730,0.002,0.095,0.903
7153783,0.362,0.2495,0.3885
7113299,0.0035,0.0675,0.929
7098374,0.04975,0.33923571428571425,0.6110142857142856
7225647,0.0,0.043,0.957
7111117,0.009,0.097,0.894
7138147,0.0225,0.16383333333333333,0.8136666666666666
7120784,0.017,0.4634166666666667,0.5195833333333333
7186670,0.093,0.352,0.555
7145739,0.002,0.023,0.975
7090058,0.03375,0.1396,0.82665
7110436,0.0424,0.266,0.6916
7232756,0.002,0.02538095238095238,0.9726190476190476
7111709,0.124,0.2565,0.6195
7107311,0.111,0.091,0.798
7210450,0.1555,0.313,0.5315
7127661,0.012,0.167,0.821
7096383,0.06583333333333334,0.8378333333333333,0.09633333333333333
7137831,0.003,0.008,0.989
7160032,0.045,0.724,0.231
7128113,0.011,0.296,0.693
7197701,0.04833333333333333,0.0999,0.8517666666666667
7140888,0.015,0.35991666666666666,0.6250833333333333
7098130,0.2799190476190477,0.4045809523809522,0.3155
7158260,0.023,0.2369452380952381,0.7400547619047619
7112812,0.15324999999999997,0.6608833333333334,0.18586666666666668
7179231,0.07284523809523809,0.3321547619047619,0.595
7123293,0.165,0.674,0.161
7127939,0.037,0.17121666666666666,0.7917833333333333
7210843,0.0,0.0,1.0
7119906,0.014,0.0884,0.8976000000000001
7157868,0.004,0.0625,0.9335
7160993,0.1385,0.2635,0.598
7198449,0.006,0.7706666666666666,0.22333333333333336
7194749,0.145,0.6253333333333334,0.22966666666666666
7164909,0.037,0.3143333333333333,0.6486666666666666
7155991,0.0435,0.30469999999999997,0.6517999999999999
7219535,0.008,0.061,0.931
7127883,0.001,0.02,0.979
7192641,0.079,0.2784333333333333,0.6425666666666666
7222187,0.1255,0.45565,0.41885
7129565,0.008,0.113,0.879
7143475,0.026,0.7097023809523809,0.26429761904761906
7121904,0.198,0.266,0.536
7124968,0.0635,0.46090000000000003,0.47559999999999997
7103194,0.013,0.18975,0.79725
7197397,0.003,0.08891666666666666,0.9080833333333332
7181741,0.0334,0.5964333333333333,0.37016666666666664
7139959,0.1185,0.356,0.5255
7179519,0.48169047619047617,0.33730952380952384,0.181
7187941,0.025,0.27272142857142867,0.7022785714285713
7142188,0.62725,0.17725,0.1955
7224310,0.005,0.151,0.844
7142856,0.0345,0.5885857142857143,0.3769142857142857
7090831,0.002,0.041,0.957
7152437,0.0,0.002,0.998
7130584,0.185,0.25016666666666665,0.5648333333333334
7162590,0.002,0.035,0.963
7210173,0.01,0.17816666666666667,0.8118333333333334
7173461,0.1753333333333333,0.43366666666666664,0.391
7201402,0.055,0.366,0.579
7156675,0.41791666666666666,0.3249833333333334,0.25709999999999994
7105849,0.247,0.142,0.611
7190940,0.016,0.1025,0.8815
7176492,0.066,0.3175,0.6165
7109146,0.012,0.08295238095238094,0.905047619047619
7135096,0.032,0.27364523809523805,0.694354761904762
7145341,0.03,0.252,0.718
7170053,0.12384999999999999,0.48251666666666665,0.3936333333333334
7222037,0.24008333333333337,0.34416666666666673,0.41575
7200576,0.174,0.1708333333333333,0.6551666666666668
7219311,0.153,0.5250333333333334,0.3219666666666667
7088683,0.012,0.20394761904761904,0.784052380952381
7197130,0.04,0.205,0.755
7198553,0.009,0.066,0.925
7092108,0.11491666666666665,0.17808333333333332,0.707
7233635,0.13856666666666667,0.6620999999999999,0.19933333333333333
7162208,0.007,0.12966666666666668,0.8633333333333334
7113584,0.0375,0.362,0.6005
7088920,0.131,0.339,0.53
7212619,0.009,0.11170238095238096,0.8792976190476189
7108297,0.007666666666666666,0.10573333333333333,0.8866
7212382,0.011,0.184,0.805
7228960,0.01075,0.1765,0.81275
7223136,0.0,0.015,0.985
7140835,0.007,0.0455,0.9475
7161726,0.1480333333333333,0.4039166666666667,0.44805
7193196,0.016,0.056,0.928
7131021,0.015,0.09832222222222224,0.8866777777777777
7136116,0.0,0.002,0.998
7199243,0.002,0.016,0.982
7107410,0.049,0.6512666666666668,0.29973333333333335
7111408,0.042,0.19,0.768
7143442,0.081,0.26975,0.64925
7201307,0.0,0.04122619047619047,0.9587738095238094
7163518,0.225,0.38925,0.38575
7210133,0.005,0.1685,0.8265
7155655,0.0165,0.23433333333333334,0.7491666666666668
7140488,0.04625,0.3045833333333333,0.6491666666666667
7133293,0.01,0.054,0.936
7126808,0.003,0.126,0.871
7227507,0.01,0.073,0.917
7159592,0.013,0.15378333333333333,0.8332166666666667
7180725,0.066,0.097,0.837
7150854,0.004,0.0265,0.9695
7137335,0.02,0.05,0.93
7158425,0.011,0.119,0.87
7213225,0.07566666666666666,0.43193333333333334,0.4924
7148260,0.001,0.136,0.863
7111858,0.015266666666666666,0.14873333333333333,0.836
7171126,0.028,0.18,0.792
7189468,0.002,0.071,0.927
7192340,0.023,0.09066666666666667,0.8863333333333334
7164476,0.1285,0.567,0.3045
7510953,0.053,0.07175,0.87525
7233576,0.031,0.171,0.798
7181820,0.005,0.071,0.924
7152810,0.002,0.007,0.991
7201962,0.0,0.006366666666666667,0.9936333333333334
7139487,0.05,0.201,0.749
7227862,0.16,0.14976190476190476,0.6902380952380952
7207553,0.04761904761904762,0.2606309523809524,0.69175
7161665,0.07286666666666668,0.26580000000000004,0.6613333333333333
7145839,0.002,0.025,0.973
7111740,0.011,0.026,0.963
7218313,0.003,0.3552642857142858,0.6417357142857145
7210476,0.0116,0.0684,0.92
7215652,0.005,0.089,0.906
7139122,0.018,0.436,0.546
7105843,0.044,0.4165666666666666,0.5394333333333334
7202962,0.056,0.209,0.735
7125601,0.001,0.002,0.997
7177976,0.005333333333333333,0.04066666666666667,0.954
7160458,0.016,0.07133333333333335,0.9126666666666666
7101930,0.03475,0.39569999999999994,0.5695500000000001
7162776,0.02,0.19933333333333333,0.7806666666666666
7201534,0.228,0.5328333333333334,0.2391666666666667
7134791,0.1475,0.4063333333333333,0.44616666666666666
7187911,0.002,0.002,0.996
7179474,0.4614166666666667,0.3184476190476191,0.2201357142857143
7211709,0.20675000000000002,0.459102380952381,0.334147619047619
7091376,0.007533333333333333,0.2839666666666667,0.7085
7220819,0.455,0.25088333333333335,0.2941166666666667
7097222,0.077,0.202,0.721
7214485,0.027316666666666666,0.10848333333333335,0.8642000000000001
7191186,0.0213,0.037616666666666666,0.9410833333333333
7113981,0.015,0.13433333333333333,0.8506666666666668
7100790,0.013,0.019,0.968
7147743,0.0,0.01,0.99
7092755,0.33001666666666674,0.4902452380952381,0.17973809523809525
7113999,0.008,0.0202,0.9718
7119360,0.02,0.147,0.833
7088049,0.001,0.062,0.937
7144447,0.21007142857142858,0.5829285714285715,0.207
7123686,0.001,0.008,0.991
7178148,0.05,0.3775833333333333,0.5724166666666666
7100482,0.066,0.5225,0.4115
7131572,0.1345,0.4638333333333334,0.4016666666666666
7181965,0.1205,0.3265,0.553
7110028,0.09,0.3528,0.5572
7107440,0.018,0.829,0.153
7124764,0.008,0.0565,0.9355
7152838,0.001,0.008,0.991
7146250,0.4298333333333333,0.21575,0.3544166666666667
7198218,0.13316666666666666,0.23741666666666666,0.6294166666666667
7136542,0.051166666666666666,0.8028333333333334,0.146
7204694,0.015,0.05165,0.93335
7230370,0.01,0.03456666666666666,0.9554333333333334
7207615,0.041,0.21613333333333332,0.7428666666666667
7170804,0.051,0.2366666666666667,0.7123333333333333
7100338,0.028,0.327,0.645
7102612,0.052,0.131,0.817
7136327,0.0995,0.18975,0.71075
7226629,0.007333333333333334,0.09276666666666666,0.8998999999999999
7154141,0.052,0.24883333333333332,0.6991666666666667
7119278,0.009,0.08,0.911
7172516,0.005,0.058,0.937
7173854,0.043,0.2121666666666667,0.7448333333333333
7113913,0.018,0.347,0.635
7214948,0.002,0.022,0.976
7167244,0.1275,0.4475833333333334,0.4249166666666666
7212552,0.112,0.021,0.867
7169247,0.046,0.24757142857142858,0.7064285714285714
7164608,0.331,0.313,0.356
7104037,0.0144,0.19151666666666664,0.7940833333333334
7161305,0.022,0.272,0.706
7233719,0.015,0.042,0.943
7197388,0.07116666666666666,0.48916666666666664,0.4396666666666667
7109575,0.30866666666666664,0.24,0.45133333333333336
7204398,0.018,0.30925,0.67275
7218631,0.026,0.15725,0.81675
7130018,0.02,0.25,0.73
7123544,0.0235,0.22873333333333332,0.7477666666666668
7159778,0.001,0.004,0.995
7212037,0.018,0.108,0.874
7141155,0.0,0.002,0.998
7131753,0.002,0.386,0.612
7172478,0.053,0.303,0.644
7119936,0.01,0.13896666666666674,0.8510333333333334
7178319,0.001,0.027,0.972
7210976,0.097,0.066,0.837
7088694,0.23441666666666666,0.43091666666666667,0.3346666666666666
7126674,0.011,0.12371111111111112,0.8652888888888889
7225095,0.064,0.831,0.105
7177379,0.0105,0.4647833333333333,0.5247166666666668
7167344,0.016,0.054,0.93
7092487,0.26339999999999997,0.3448,0.39179999999999987
7207338,0.037,0.09325,0.86975
7200580,0.1323333333333333,0.23166666666666666,0.636
7101757,0.002,0.038,0.96
7106534,0.076,0.127,0.797
7140877,0.04218333333333333,0.3258166666666666,0.632
7088400,0.018,0.10591666666666667,0.8760833333333333
7208826,0.065,0.5195,0.4155
7124298,0.19366666666666665,0.5560000000000002,0.25033333333333335
7197164,0.01675,0.3842,0.59905
7188447,0.0005,0.19033333333333335,0.8091666666666666
7193170,0.009,0.033,0.958
7232150,0.5048500000000001,0.31915,0.17600000000000002
7206931,0.018,0.06481666666666666,0.9171833333333334
7163701,0.165,0.18988333333333332,0.6451166666666667
7230747,0.006,0.126,0.868
7123636,0.0,0.041,0.959
7100167,0.073,0.877,0.05
7095483,0.136,0.3065,0.5575
7212292,0.017,0.1296,0.8534
7161423,0.12686666666666668,0.5811333333333333,0.292
7094323,0.027,0.1695,0.8035
7134126,0.2025,0.37475,0.42275
7135730,0.0,0.019,0.981
7114056,0.642,0.24800000000000003,0.11
7162122,0.005,0.059333333333333335,0.9356666666666666
7226116,0.018,0.09133333333333332,0.8906666666666666
7225528,0.0,0.0,1.0
7198381,0.037,0.032,0.931
7165862,0.025,0.019,0.956
7226721,0.025,0.07166666666666667,0.9033333333333333
7119665,0.001,0.404,0.595
7092959,0.09808333333333333,0.5590047619047621,0.34291190476190475
7233370,0.015,0.097,0.888
7198643,0.53,0.131,0.339
7151311,0.018,0.064,0.918
7228932,0.0195,0.7046666666666668,0.2758333333333334
7133618,0.020666666666666663,0.114,0.8653333333333333
7155042,0.0,0.009,0.991
7202228,0.073,0.645,0.282
7138573,0.0,0.014,0.986
7108430,0.014666666666666666,0.1345,0.8508333333333332
7231314,0.004,0.053,0.943
7124228,0.0925,0.5115666666666667,0.3959333333333333
7174511,0.092,0.203,0.705
7185449,0.0025,0.02453333333333333,0.9729666666666665
7213650,0.001,0.034,0.965
7133941,0.057,0.20591666666666666,0.7370833333333334
7187366,0.0,0.005,0.995
7224166,0.061,0.2055,0.7335
7169973,0.04863809523809524,0.1656952380952381,0.7856666666666666
7210489,0.06816666666666667,0.5103333333333333,0.4215
7161088,0.3835,0.4579,0.1586
7153934,0.03325,0.45625,0.5105
7131257,0.004,0.4882666666666667,0.5077333333333333
7194859,0.061,0.4675,0.4715
7113061,0.13304761904761903,0.534152380952381,0.3328
7204259,0.0,0.032,0.968
7222883,0.004,0.01,0.986
7102127,0.017,0.186,0.7969999999999999
7101779,0.003,0.119,0.878
7204401,0.017,0.204,0.779
7102696,0.0,0.071,0.929
7167132,0.0036666666666666666,0.03533333333333333,0.961
7153925,0.08,0.695,0.225
7109556,0.0,0.017,0.983
7140782,0.007,0.294,0.699
7150633,0.0505,0.124,0.8255
7130332,0.02225,0.11708333333333333,0.8606666666666666
7090117,0.009,0.061,0.93
7159969,0.02,0.2950833333333333,0.6849166666666666
7159980,0.0075,0.0895,0.903
7094322,0.21056666666666665,0.38043333333333335,0.409
7169785,0.617,0.082,0.301
7137077,0.018,0.11,0.872
7166021,0.0,0.01,0.99
7090007,0.006,0.25201666666666667,0.7419833333333333
7174035,0.007,0.075,0.918
7222684,0.0,0.146,0.854
7145358,0.05195238095238095,0.38608333333333333,0.5619642857142857
7198874,0.14776666666666666,0.43733333333333335,0.4149
7227001,0.010333333333333332,0.03666666666666667,0.953
7213525,0.043,0.101,0.856
7222801,0.0,0.006366666666666667,0.9936333333333334
7223947,0.174,0.64925,0.17675
7217717,0.225,0.15133333333333335,0.6236666666666666
7131037,0.029,0.067,0.904
7212360,0.63125,0.22175,0.147
7116094,0.238,0.103,0.659
7117057,0.032,0.074,0.894
7110218,0.009,0.979,0.012
7224295,0.031,0.29,0.679
7156844,0.08983333333333333,0.6079547619047618,0.3022119047619048
7132335,0.2671666666666666,0.530475,0.2023583333333333
7177151,0.5206630952380954,0.19960595238095236,0.2797309523809524
7145144,0.029,0.206,0.765
7088527,0.0,0.18733333333333332,0.8126666666666666
7591938,0.017,0.1125,0.8705
7164189,0.009,0.22923333333333332,0.7617666666666667
7181386,0.083,0.398,0.519
7154896,0.016166666666666666,0.06928333333333334,0.91455
7171775,0.01325,0.0565,0.93025
7223791,0.05533333333333334,0.149,0.7956666666666666
7114825,0.005,0.065,0.93
7186411,0.011,0.014,0.975
7178692,0.023,0.024,0.953
7092405,0.21283333333333332,0.3157833333333333,0.4713833333333334
7154186,0.001,0.02008333333333333,0.9789166666666668
7089860,0.017333333333333333,0.14966666666666667,0.833
7093311,0.045450000000000004,0.28454999999999997,0.67
7095391,0.022,0.2623666666666667,0.7156333333333332
7117897,0.06,0.075,0.865
7109138,0.058166666666666665,0.15416666666666665,0.7876666666666666
7099040,0.015,0.133,0.852
7093041,0.01,0.001,0.989
7094767,0.003,0.051,0.946
7111403,0.043,0.40166666666666667,0.5553333333333333
7136662,0.033,0.1751666666666667,0.7918333333333333
7172760,0.1744166666666667,0.19465238095238097,0.6309309523809523
7093925,0.192,0.21266666666666667,0.5953333333333334
7151085,0.0,0.0205,0.9795
7229152,0.007,0.066,0.927
7177630,0.102,0.32785000000000003,0.57015
7112601,0.044,0.4086333333333334,0.5473666666666666
7091858,0.053,0.41916666666666663,0.5278333333333333
7145790,0.1,0.746,0.154
7121469,0.098,0.366,0.536
7131218,0.0,0.017,0.983
7089818,0.023,0.079,0.898
7218493,0.13661190476190474,0.2827214285714285,0.5806666666666667
7102516,0.06,0.327,0.613
7128832,0.1,0.483,0.417
7141416,0.002,0.009,0.989
7119172,0.016,0.10375,0.88025
7104404,0.10982738095238097,0.6099059523809524,0.28026666666666666
7155370,0.006,0.122,0.872
7099106,0.062,0.22,0.718
7207897,0.001,0.0165,0.9825
7181407,0.176,0.509,0.315
7230033,0.213,0.32478333333333337,0.46221666666666666
7089127,0.15635,0.6630249999999999,0.180625
7209677,0.011,0.056916666666666664,0.9320833333333334
7140941,0.181,0.5435,0.2755
7104655,0.002,0.017,0.981
7229311,0.4345,0.24201666666666666,0.32348333333333334
7150462,0.006,0.2415,0.7525
7193420,0.039700000000000006,0.15605000000000002,0.80425
7224661,0.023,0.27375,0.70325
7105052,0.029,0.338,0.633
7211261,0.3460166666666667,0.38815,0.26583333333333337
7209769,0.1445,0.49863333333333326,0.35686666666666667
7167803,0.011,0.2064333333333333,0.7825666666666667
7095923,0.034,0.5660416666666668,0.39995833333333336
7187442,0.094,0.2215,0.6845
7108785,0.007,0.18578571428571428,0.8072142857142858
7179725,0.013,0.018,0.969
7210753,0.06,0.352,0.588
7211593,0.1413333333333333,0.216,0.6426666666666667
7186078,0.001,0.07066666666666667,0.9283333333333332
7090925,0.4103,0.29369999999999996,0.296
7134002,0.07661666666666668,0.147,0.7763833333333333
7164549,0.045,0.135,0.82
7215742,0.003,0.06,0.937
7108240,0.022,0.119,0.859
7197086,0.29933333333333334,0.6406666666666666,0.06
7205678,0.0,0.0,1.0
7122785,0.002,0.045483333333333334,0.9525166666666667
7114064,0.012,0.094,0.894
7224343,0.014,0.207,0.779
7194178,0.005,0.666,0.329
7095589,0.06,0.221,0.719
7197800,0.017,0.10106666666666668,0.8819333333333333
7088799,0.016,0.23935,0.7446499999999999
7194121,0.008666666666666666,0.1432,0.8481333333333333
7196590,0.12133333333333335,0.5806666666666668,0.298
7223833,0.118,0.617,0.265
7110915,0.00925,0.44920753968254007,0.5415424603174598
7224056,0.011,0.086,0.903
7197047,0.046,0.5193333333333332,0.4346666666666667
7090158,0.002,0.9159,0.08209999999999999
7123473,0.10933333333333332,0.36993333333333334,0.5207333333333334
7193586,0.059,0.097,0.844
7196693,0.0,0.004,0.996
7199564,0.013,0.12183333333333334,0.8651666666666668
7093574,0.0045,0.149,0.8465
7092343,0.018033333333333332,0.2637666666666667,0.7182000000000001
7217049,0.296,0.12358333333333334,0.5804166666666666
7111219,0.004,0.03,0.966
7133704,0.1403333333333333,0.29566666666666663,0.564
7182001,0.029,0.04075,0.93025
7180442,0.017416666666666664,0.3050833333333334,0.6775
7111017,0.06175,0.13888333333333336,0.7993666666666666
7220878,0.173,0.42869999999999997,0.3983
7095205,0.058,0.388,0.554
7216517,0.0,0.01,0.99
7159288,0.041499999999999995,0.2681666666666666,0.6903333333333332
7119246,0.14071428571428574,0.2925857142857143,0.5667000000000001
7158215,0.041,0.1358333333333333,0.8231666666666666
7136730,0.016,0.15341666666666667,0.8305833333333332
7107671,0.003,0.030166666666666665,0.9668333333333332
7134021,0.031,0.2694777777777778,0.6995222222222224
7232515,0.055566666666666674,0.34193333333333337,0.6024999999999999
7147946,0.004,0.068,0.928
7190857,0.003,0.019,0.978
7178889,0.033,0.091,0.876
7170422,0.0016666666666666666,0.109,0.8893333333333334
7091904,0.001,0.0,0.999
7217352,0.18429761904761904,0.4878690476190476,0.3278333333333333
7197908,0.11083333333333334,0.3732666666666667,0.5159
7142717,0.004,0.042,0.954
7183537,0.009666666666666667,0.154,0.8363333333333334
7205546,0.126,0.493,0.381
7183423,0.060166666666666674,0.49589999999999995,0.4439333333333334
7093427,0.012,0.182,0.806
7219409,0.072,0.6046666666666668,0.32333333333333336
7116703,0.04,0.203,0.757
7151354,0.206,0.326,0.468
7222105,0.029,0.2221,0.7489
7180795,0.5710666666666666,0.218,0.2109333333333333
7098008,0.07717857142857143,0.1794,0.7434214285714286
7206904,0.034,0.19477142857142857,0.7712285714285714
7141611,0.011,0.199,0.79
7195338,0.11066666666666666,0.4033333333333334,0.486
7092067,0.052333333333333336,0.6207,0.3269666666666667
7097792,0.003,0.005,0.992
7222020,0.099,0.32705000000000006,0.57395
7209642,0.184,0.3190166666666667,0.49698333333333333
7209245,0.018,0.5002333333333333,0.48176666666666673
7108986,0.8136666666666668,0.04133333333333333,0.145
7107555,0.002333333333333333,0.012666666666666668,0.985
7233072,0.0,0.003,0.997
7156026,0.0515,0.1321,0.8164
7169905,0.014,0.13643333333333335,0.8495666666666666
7122126,0.3168,0.31525,0.36795000000000005
7211201,0.064,0.1685,0.7675
7742794,0.019,0.048666666666666664,0.9323333333333332
7207937,0.002,0.079,0.919
7202637,0.001,0.011,0.988
7134448,0.003,0.256,0.741
7173594,0.015,0.18158333333333332,0.8034166666666668
7108951,0.0,0.0,1.0
7174472,0.187,0.225,0.588
7210897,0.057,0.22175,0.72125
7185768,0.0,0.029928571428571422,0.9700714285714285
7230376,0.013,0.18611666666666668,0.8008833333333333
7098825,0.006,0.094,0.9
7201948,0.075,0.239,0.686
7165062,0.7263333333333334,0.10066666666666667,0.173
7198423,0.011,0.21,0.779
7119178,0.008,0.096,0.896
7178479,0.01,0.09281904761904765,0.8971809523809525
7200232,0.006,0.033,0.961
7170145,0.72975,0.15455000000000002,0.1157
7176379,0.019,0.0525,0.9285
7137043,0.0,0.064,0.936
7200384,0.024,0.12133333333333333,0.8546666666666666
7217821,0.0265,0.19235,0.78115
7134893,0.009333333333333332,0.08366666666666667,0.907
7197725,0.034,0.4005,0.5655
7204952,0.03,0.085,0.885
7231644,0.003,0.064,0.933
7234150,0.018333333333333333,0.09500000000000001,0.8866666666666666
7114993,0.006,0.154,0.84
7136309,0.0905,0.2875,0.622
7220322,0.1495,0.286,0.5645
7187965,0.028916666666666663,0.5530833333333333,0.418
7203099,0.007,0.015,0.978
7143470,0.025183333333333332,0.5325523809523809,0.44226428571428583
7087974,0.02,0.108,0.872
7140778,0.219,0.2492833333333333,0.5317166666666667
7129324,0.001,0.011,0.988
7213945,0.026,0.21366666666666664,0.7603333333333334
7226210,0.021,0.16,0.819
7162274,0.021,0.08858333333333335,0.8904166666666667
7102773,0.045,0.09639761904761904,0.858602380952381
7186868,0.0,0.077,0.923
7228647,0.19198571428571426,0.3807880952380952,0.4272261904761904
7193706,0.003,0.042,0.955
7122928,0.005,0.279,0.716
7229267,0.19525,0.4715833333333333,0.33316666666666667
7206300,0.0,0.04125,0.95875
7147449,0.047,0.151,0.802
7136240,0.0,0.0,1.0
7221477,0.018,0.5267666666666666,0.45523333333333327
7106186,0.09043333333333334,0.41664523809523807,0.49292142857142857
7145156,0.12958333333333333,0.4084166666666667,0.462
7224345,0.001,0.013,0.986
7232021,0.008,0.08075,0.91125
7231348,0.001,0.102,0.897
7140758,0.003,0.03066666666666667,0.9663333333333334
7099533,0.025,0.27612222222222227,0.6988777777777777
7225250,0.015333333333333334,0.13466666666666668,0.85
7125833,0.003,0.014,0.983
7129454,0.001,0.16736666666666666,0.8316333333333332
7092980,0.023666666666666666,0.439,0.5373333333333333
7123453,0.16066666666666665,0.2795,0.5598333333333333
7142795,0.29275000000000007,0.44980952380952377,0.25744047619047616
7102119,0.6556666666666667,0.1393333333333333,0.205
7211567,0.013,0.2412,0.7457999999999999
7213621,0.006,0.118,0.876
7103201,0.048,0.3077166666666667,0.6442833333333334
7163924,0.06741666666666665,0.3745833333333334,0.558
7210111,0.004,0.294,0.702
7144655,0.13,0.147,0.723
7160952,0.076,0.378,0.546
7184254,0.023,0.20913333333333328,0.7678666666666669
7216639,0.036916666666666674,0.46824285714285707,0.4948404761904763
7110988,0.051,0.5173333333333333,0.4316666666666667
7212621,0.0,0.018,0.982
7112656,0.022,0.091,0.887
7224021,0.059,0.112,0.829
7196348,0.5331666666666668,0.29075,0.17608333333333331
7194589,0.004,0.10075,0.89525
7193119,0.0,0.0,1.0
7188468,0.0,0.14486031746031744,0.8551396825396822
7215737,0.007,0.014,0.979
7137826,0.08544999999999998,0.2768833333333333,0.6376666666666666
7126076,0.002,0.08188333333333332,0.9161166666666667
7155324,0.2341666666666667,0.4108333333333334,0.355
7157315,0.002,0.253,0.745
7115193,0.004,0.105,0.891
7107399,0.001,0.04616666666666666,0.9528333333333334
7218891,0.026,0.07358333333333333,0.9004166666666668
